2457
1877
364
1946
950
1684
1467
3218
3319
5185
1055
4626
1893
4605
5260
1692
3996
4814
1256
5147
955
3138
3644
2940
171
4931
3943
5222
3997
480
2041
4997
2325
1420
4149
4988
3841
558
2604
708
2138
4260
2473
1062
4461
5228
486
2583
648
1206
4096
1067
1414
200
5046
4383
5
502
566
4421
2957
3909
393
4298
5307
4373
634
3765
3722
4643
144
2257
2915
3675
658
2843
527
1432
1450
4698
35
4727
3233
1586
4663
1834
1266
3985
1005
2849
4289
4020
4887
843
5101
4426
1448
2530
797
723
5085
954
4681
2639
4402
3615
4717
4759
2362
3602
2364
4147
3597
4363
3781
4828
1224
2489
4770
2208
2343
277
4654
3246
1065
4010
4775
2649
2149
995
4733
2370
3569
1816
1998
3199
4427
4785
597
3294
1035
2079
345
2077
1926
2776
660
2117
3124
854
1076
1980
3982
2654
3787
3332
665
4176
4769
3837
294
3559
1627
3228
4634
4676
2133
5051
5057
1048
1091
3093
452
146
5266
439
3610
31
2834
4218
3648
2675
1520
1712
5099
1755
1639
3188
2719
3627
2285
2247
1323
2459
715
5091
4979
4482
576
4334
5065
3928
4861
4459
1996
783
4093
983
3685
4142
4464
1367
924
5286
2660
4274
3091
4766
1836
4267
785
3692
1872
917
3900
2062
4720
4212
2477
162
2733
4951
3148
1999
3532
1251
4108
4635
3676
556
3897
2101
3354
4726
4553
1001
3147
970
2190
3098
263
753
4458
2819
611
3211
3849
3926
5280
5253
1287
3277
347
2141
3263
3210
3157
3707
127
1988
4403
1070
600
4086
3310
1716
878
3783
1608
3311
5200
3327
3560
210
2299
179
357
3984
3427
1071
4878
1442
1548
4131
3082
4487
346
3385
1197
3825
1302
2433
325
2463
4793
2397
256
5034
4288
2682
2407
260
3994
711
1338
3139
5162
4039
2161
3679
184
3440
286
2416
402
2842
1634
2804
1481
2005
1132
745
333
772
1265
2517
2588
4038
4853
4699
4907
3883
175
3154
4732
4456
3107
1921
4304
1165
4506
856
3417
4531
3160
1832
4562
69
4883
4606
2590
3359
3182
4571
5155
1789
1086
3580
1447
896
4651
922
2440
1438
2881
3870
4076
4316
1314
4817
2189
5241
1965
2162
577
4171
2665
4556
1798
2152
1322
5217
1073
465
3791
2921
1056
5064
2035
2494
339
3476
3659
4036
434
1421
4589
4082
2560
2513
2279
1297
2930
4345
3019
759
3516
1984
2976
773
2886
1989
540
3002
4376
2544
352
4666
2900
4246
102
786
18
4700
1466
3785
893
1773
3056
544
4194
1130
3282
1509
3586
4970
776
4222
2231
3925
1492
3067
1236
990
5311
1093
636
5239
3245
1321
1494
1838
2352
876
403
4935
1783
51
4875
1763
5209
3622
1570
5032
3081
1222
2779
3046
5063
3102
886
5004
5045
1590
66
3461
3656
1582
1355
181
4104
2157
3836
1906
675
533
1761
4920
1148
2036
1962
4470
4264
4277
152
4684
4205
1620
808
1427
3367
1053
3979
4139
1881
1964
460
3043
1384
4492
1337
3534
4414
2015
2202
2837
5201
4903
1662
2418
4857
1939
838
4468
337
2700
2505
1462
1031
2602
2329
4905
190
5293
2029
234
2605
3908
415
1676
3271
810
3604
5175
3317
4047
4413
4518
1658
3666
877
5229
1577
1436
5206
2111
4954
2151
61
551
3165
150
1567
4138
2726
2244
1680
3914
4579
1212
3704
3115
4179
3234
3293
5247
495
2369
2897
1919
4575
3851
3844
309
1565
965
2632
2453
3506
2038
2270
4821
2182
4503
4790
3068
2945
3480
4148
3473
3696
3924
1830
805
4235
5086
3826
466
839
691
3285
3267
2178
4031
4697
2929
3078
4419
4145
4832
101
1944
4002
3156
2154
5025
2184
698
1328
3227
803
420
1736
2824
1474
1425
2381
4622
944
1918
5304
121
3426
2360
1285
1194
4748
4980
2684
4489
1558
1007
2738
4043
1654
2558
5113
320
4950
1563
1444
2705
4144
1560
1574
5314
3471
907
2672
2207
21
5223
4123
2484
3135
4417
3161
520
2597
2752
1104
2122
2192
4972
1308
3777
1568
3143
765
3623
997
4573
1531
2105
2535
3361
2410
2446
1633
2925
4891
4418
5271
853
3531
1775
2146
4380
5163
1081
4621
557
2762
426
3652
2053
5227
479
470
4948
2013
300
2901
761
1478
1569
1536
5281
4995
355
5015
5023
5140
4232
94
3346
5138
490
4433
4276
1969
884
2662
3492
1446
4221
5058
2497
2899
252
3764
2797
3163
3878
2910
1340
3581
499
4300
2693
2123
4658
254
3146
1261
3891
1609
3195
4448
3829
1854
4213
488
5037
1347
3368
3713
4768
5278
8
1622
380
4640
5082
3248
603
4311
3295
47
1159
1843
3272
2778
1705
3186
2594
268
627
2868
2883
349
5290
3501
4848
2504
3566
2402
4136
1317
1382
1099
103
4671
1762
1819
3596
3574
1305
4500
2358
4230
1522
5077
4690
3200
1573
2376
2595
941
5285
969
4602
971
3963
4550
2912
4584
865
3801
2188
476
4738
3584
1025
3753
391
1038
4353
928
5298
666
3509
3526
4163
702
3464
4801
1379
4035
4090
5316
4977
4159
3396
2405
3784
3827
1982
1711
4827
1576
509
2269
112
3618
3674
1437
1707
4469
2479
1190
696
1510
4347
739
1365
1396
3336
1378
1746
3454
2071
4565
1900
2689
93
1891
1398
5178
2395
1849
5119
248
3493
4838
36
4242
276
1426
4927
155
4401
3600
3469
5152
1200
2983
3284
1847
4613
4057
4574
2288
999
4113
2361
193
2403
5184
4307
507
2344
450
755
3033
2916
938
4129
3688
2249
281
455
4522
2237
2774
2856
2008
2298
4015
2165
553
1878
3344
3118
5029
3382
3754
1815
3740
5183
670
3232
3112
1545
1645
5079
307
5131
1171
3742
2877
2887
768
2076
1974
2618
2537
145
2090
3727
2174
2791
681
2201
3486
4893
3042
5066
40
1935
4465
1435
1818
981
1572
771
1581
3391
2801
1180
3819
5190
4890
496
5078
819
295
1537
2895
515
3084
4892
1777
2608
3204
2384
1405
4866
2393
2528
2287
2968
1870
1803
978
3095
2949
2326
2880
2918
431
4292
740
3556
4305
1972
2499
4255
2339
3164
4467
2643
1366
1218
4396
820
5002
1243
1822
2478
3456
2159
4127
