8805
4135
16716
7727
32468
29457
30949
24878
13759
6151
31972
1857
25546
28361
138
29188
17454
14992
6699
20803
2004
1462
1667
35482
603
24982
14195
27663
1903
34578
14528
28697
32493
15275
22655
15130
14338
30120
18991
1408
27274
6553
12183
19424
7922
21803
32820
36147
33273
12441
19881
18622
32726
33114
25778
2262
31472
15908
26495
27152
11338
24059
35966
24556
5666
28767
33320
7073
10728
34140
25772
24282
32092
1938
30757
2849
20219
25794
11164
11048
32914
14872
806
13075
35364
35935
15215
26506
33670
22532
23152
30089
17647
35913
374
25145
33587
8470
33992
13466
27924
3678
31529
23903
13096
33077
27092
31780
23382
27159
22680
103
35289
35396
21701
30025
1833
15047
11613
11847
6003
16730
2127
4617
5454
1093
29687
954
18428
16355
17605
7175
12098
22572
19024
4555
10975
10461
16725
34562
11019
17885
19299
29799
21102
32538
31049
7483
1548
20447
25333
22501
27585
12323
16935
7127
16610
33430
13702
28288
1364
14770
1170
26038
9598
2315
10500
29207
33181
27961
35697
14457
33855
29546
14627
34334
2011
25880
21053
27937
3852
19569
8236
13902
3109
20079
4635
5009
20339
19521
10368
36134
16538
8545
555
2484
14260
30202
11240
33349
2452
24770
13133
22736
6489
13484
28373
12721
32266
6843
25563
19403
33037
32754
1127
21321
26366
18438
1185
10286
13163
21478
8856
22222
28130
13961
17467
6318
24853
35889
22534
35017
31752
34899
15377
4280
2647
5549
8717
11121
10915
35272
13957
17564
21773
33153
36053
24124
22206
22300
7465
19085
15413
32033
8870
6833
21019
2564
26646
4796
24918
9655
8193
22341
7516
24775
5023
14661
5357
17480
23913
19369
35015
7491
30000
18165
7060
2998
19381
811
953
6008
27101
7543
2622
12315
15704
27591
10618
7573
29550
10969
15821
10416
6739
28514
24790
35581
19269
16607
31261
20608
6562
13606
20802
2596
1786
688
35903
20987
29481
25642
20531
26119
4126
4206
20797
29875
7298
16388
14102
35580
30731
23319
16979
12007
35494
13620
20140
13055
16146
23623
5332
18401
5859
29353
5930
22209
14904
25590
20105
2690
21446
12242
20757
19844
16111
21910
6615
35666
6032
16062
14428
1335
15975
26330
4740
17567
4647
4923
1409
649
19059
23539
32326
30725
10104
6614
32861
21501
5053
33375
11353
11768
9801
9275
20957
20029
7004
33708
19234
8277
13548
9285
35749
2081
20713
13463
11675
19590
28353
35225
10347
3182
16206
16553
4221
29274
28191
16398
35479
28796
35262
29708
712
25933
22195
35976
16906
31836
1599
27307
1239
4084
23261
9062
8200
9076
16981
18147
26070
26285
11283
5848
15304
31850
490
11637
34648
20790
32826
28725
14793
15622
20511
32445
31380
14749
27016
22082
18037
14383
3158
4689
33534
24162
10450
33530
13359
20434
19576
19632
24354
10825
30459
5568
8076
33682
24720
11552
10209
16423
27967
14261
3416
32442
25795
22805
25164
33754
10800
35825
2667
34352
5924
16723
6622
17532
5486
9117
5374
29167
15793
25057
28371
26033
10797
21329
28713
8279
31979
13894
7811
28263
34999
26753
7739
19364
18197
16267
24828
262
36125
34626
28755
1378
2019
15875
17065
13540
11328
18663
9726
35542
13136
17906
20390
16441
29255
11008
23393
32165
27522
7982
13693
25117
13423
18615
7087
1582
7737
866
19425
8951
4927
32792
24492
20398
28650
32966
23384
34628
21213
55
8119
28987
29461
22951
19975
35343
26175
22240
32263
7411
24743
25060
13363
253
18194
33486
13033
30250
33876
26801
20010
11161
29451
34796
12934
23555
34484
230
25504
27909
26558
22020
4439
32289
16228
19063
1361
26673
10229
36011
17711
35786
4811
663
22901
17339
26944
19901
9966
30282
16996
31755
11116
30612
33444
2974
17748
33441
6463
27695
4571
23276
4390
28998
1293
10756
33237
10592
6098
26340
18074
19949
13689
34609
13612
15547
21885
17633
4492
4907
34288
24130
30666
33522
3259
11046
19456
17679
23321
15211
25726
26195
11295
31694
17008
21603
14569
16958
16005
2001
26384
20744
28296
16280
17635
12445
4753
10854
29070
9711
17169
30106
34510
10651
9084
9050
28880
23664
20300
26263
15760
7591
13512
20020
4471
6972
14917
26018
21061
32267
6551
12239
2947
3626
1525
14192
2274
32404
34638
28985
22442
17994
35644
11317
6241
14553
35539
15284
32441
29479
24765
11049
15185
15449
18588
30315
25532
13887
29602
16900
21634
32527
7270
14014
5167
3028
1010
342
31483
20943
25109
18822
12837
26209
10490
9979
1996
994
25380
9514
3743
24870
16657
8518
5211
30335
19883
946
2324
35191
3987
34400
8449
2805
17930
7696
28344
5966
12459
1810
32745
8540
18302
12578
29328
25539
21614
17561
17029
15931
16084
3944
11486
22912
28080
34221
3984
23149
27043
35264
13065
35153
27795
4593
17504
4737
16487
35747
6328
9896
3847
13326
28056
2942
3461
5978
33609
30747
32841
24264
6506
20492
2629
8298
34830
2174
29055
8401
25899
29234
1613
34374
17694
5922
16384
21326
5622
19781
2240
25181
3811
17105
20526
8520
17059
24915
7676
19906
6164
27841
16081
32947
13461
21633
22194
33378
25630
31532
6860
8501
29400
34324
34083
35102
1983
19092
10291
13105
24271
25509
34149
21248
6381
26837
22634
8281
4250
2855
19693
34975
20555
27367
19550
20892
23109
17869
21318
34085
32837
564
34480
7986
9748
20782
21336
21467
4511
29610
18324
31437
29762
23865
24938
5122
3676
8819
3193
34321
32255
16509
16080
22193
23696
24257
26383
20144
30446
22311
34873
33262
10996
1905
9722
16392
14492
8742
7389
12097
26942
3283
6502
17414
7008
13391
17150
4376
34496
5144
4771
14246
11361
33520
28317
1431
35927
31894
18595
14413
13132
32349
15415
27881
29634
24062
12374
31598
4764
16813
26693
13196
542
34864
24950
33704
31921
5007
26459
33427
27891
35388
23057
30045
419
12436
19618
360
7867
19834
33586
20680
18514
34447
26963
33938
26758
20169
29656
19785
8581
33182
29109
9196
10680
16563
629
27798
2375
24141
27582
26354
18451
1201
5929
5900
315
25127
17621
30432
17823
24420
31550
22055
25458
29894
7635
31701
23232
9482
27210
9716
1190
11277
17054
24101
8330
18818
27060
16903
33671
18826
27574
17935
28410
22013
31837
14120
32202
26339
27860
5988
4223
8484
13509
9804
15022
1712
6767
16595
10204
31443
6484
26157
12283
196
5843
28028
3333
14305
35028
27648
22721
3082
6761
27500
7775
17388
18268
11733
31438
3124
14039
5714
25540
8112
29313
19283
33280
32634
25761
7612
31404
6935
9773
25320
13185
10952
34127
16882
27302
18913
32274
14065
22091
31848
6740
561
22733
17533
3698
28852
19651
6603
14978
33293
17993
17716
16144
26977
9721
8532
16797
12799
26720
3829
34916
33381
9755
27118
17705
18336
31466
20040
17501
32199
14050
32686
24096
30837
15837
22177
11544
11875
29564
35046
9793
35370
33026
21365
34634
8851
13971
20667
32357
35462
21629
7759
8383
9182
16807
14747
5769
3278
35189
7611
14827
13068
32965
20176
27673
21472
277
1314
20008
14435
5542
14713
18361
22352
17634
33975
24856
1515
7972
21616
22742
9138
7431
16437
9389
2688
22741
5070
6017
6763
19659
20776
16315
17651
34709
3261
23708
2042
5132
9111
26170
24383
15863
36165
21549
17932
521
33766
21091
7353
23092
8250
17765
26552
5968
34585
31167
27441
25806
19732
14378
19835
8724
3534
33326
7200
11478
15766
14091
28482
17989
1309
16411
17755
34743
17153
31013
8262
26429
6799
24476
4526
23798
33250
1993
20193
29195
8664
10208
4872
9301
14173
31724
21985
23926
19159
10470
10197
25017
28817
26584
7724
9512
17678
19352
536
635
8688
24871
6628
30115
1990
28308
27674
18092
35297
26766
26616
30276
3491
6500
30851
2451
38
2756
7282
9147
34763
33297
23349
17753
23358
31058
16067
15716
6916
23443
10397
7628
2659
20558
27682
22692
16612
3648
28499
27193
24661
23510
19263
22363
28902
15601
34012
9461
3672
22380
7438
33622
11285
31944
22346
7961
1419
31474
13711
25115
11449
35689
14929
6533
16276
21994
21564
34923
30232
30878
24218
32284
12698
28310
28875
26139
7891
31999
17462
8206
9822
782
24649
27172
7141
1718
4888
11990
30067
24708
32901
18907
10191
10111
34380
6929
16684
1231
30436
25988
14966
25610
348
16349
27719
10413
11734
22444
15672
4984
10547
11508
24620
1413
33627
14212
28011
15444
2651
33794
12467
33032
5060
16247
26094
30470
7804
3168
25361
5877
6199
31386
35498
33978
15675
797
1366
36025
30567
18223
27234
10924
8729
20861
29405
32872
27368
10985
25918
25499
13154
32466
18247
23592
9927
17003
18316
11479
5482
23627
22027
9352
16938
16712
16533
22895
25183
18293
30655
882
9766
8536
16562
14805
12878
36051
13003
28129
15717
9122
30179
25645
12834
5411
5056
10032
3769
35346
26567
25075
27345
9008
8465
4860
15808
25013
9137
18721
13265
26029
23387
11685
14752
19519
9424
22788
32251
19121
5805
35247
19591
13686
30372
1435
36040
6752
35201
29071
16704
3817
3412
20683
10479
8674
6769
7373
28527
16115
13623
33045
33274
26006
7966
13905
25154
33911
8778
16685
238
36130
13208
35909
31590
15117
17541
2471
10995
32955
15277
26898
17936
27603
35861
17824
32373
6404
8493
12232
1040
29748
2939
32011
14046
25817
22036
15956
6162
35804
2795
27699
28952
12372
11352
32899
12451
33406
25218
34198
23628
12915
15251
23575
4227
22350
3394
35239
2896
11585
9678
18712
30746
2821
32836
4251
25971
6028
26210
33536
19745
25846
17558
23081
30843
3216
31270
1142
27972
19962
20795
9790
18204
4316
23657
27205
25625
34067
36026
35941
2420
942
35807
21760
22065
24139
2258
24258
34756
36067
5489
29242
21920
32773
223
10532
21301
23648
14020
9577
9713
7070
26475
20788
33334
27581
23595
22375
17024
24149
2464
4159
16164
17400
26020
18602
5470
4909
11166
17517
35093
5458
8275
18509
17223
15391
13800
6476
18161
31484
3087
33564
19747
35618
35815
20673
22260
19401
33827
8732
2310
28981
23851
2443
1881
20675
27361
10735
2662
34463
27825
12082
12938
15259
7521
8522
33176
8024
17471
30037
12864
3623
23678
29892
21949
23244
14402
612
914
32030
2114
10773
16601
2612
601
15079
5547
34360
11358
2300
13123
13725
29031
18924
15926
32144
33154
24338
21292
25688
4815
12795
11894
12289
19461
27934
31065
23820
1518
31938
1353
6866
28342
22518
35837
4853
27537
12798
33700
32396
32839
31300
29496
34880
10838
17581
34370
19760
25980
16983
16736
20332
961
3004
29987
29985
23300
15213
33291
29108
13706
31195
21993
9491
25158
28662
3555
7289
23351
34951
16764
3540
20082
24820
980
21264
22161
20239
35546
13668
5356
21537
7856
4343
8412
19286
26847
22333
15241
1783
11992
33041
23972
19825
19251
24773
27553
30241
4863
13040
26719
15178
2767
15778
14716
15957
25865
24861
13772
9960
19611
23599
95
20136
29115
32631
11198
9593
2043
24298
28638
22406
33633
36102
20813
7308
19155
18095
28149
740
20363
5664
32236
7534
32843
14455
17345
28624
24427
15109
3552
6716
35009
33697
33510
10686
35351
19140
3167
4476
14302
207
4049
27717
35669
4336
3605
587
2285
22225
21804
1228
576
13851
30733
13114
17449
19356
34178
16474
15303
11971
13811
25654
3917
15636
29663
2316
21718
21409
26657
7847
1048
12127
33135
6139
12114
14311
14738
11569
19935
6408
3853
20569
9587
4116
29043
9834
15134
2825
18758
22565
3821
5850
29001
13122
34887
12131
35682
3764
13262
3541
7597
5729
14407
18750
16523
27711
16294
34541
16499
12766
21349
22932
23411
29770
25064
25331
5857
36074
16023
32069
22525
11706
7460
15710
4736
28612
18148
19910
21957
24284
26821
29906
23879
23061
20702
25955
30888
33504
1121
24267
8345
19819
11011
19805
8307
9797
10939
29994
9977
8859
10558
5222
16638
15429
23327
20657
11242
18171
31002
20299
5063
28072
10093
23151
29470
7040
10210
20699
4534
12241
31429
2291
3071
12560
23330
23991
33275
23285
33004
24545
22418
35292
12100
24605
2138
17752
13773
4088
16185
35559
21434
26408
16013
34668
3240
15188
19040
447
12801
6366
8877
14598
24175
33171
35948
9231
10641
14947
4941
20410
33468
35803
28319
28793
33538
31128
11985
33583
23306
12810
28383
34623
34303
13449
15003
9325
8754
13647
1389
10721
31831
23781
12055
3230
23614
5404
15553
13854
5706
28917
12865
22441
10813
1176
14258
20715
31481
2372
3432
24036
32765
22905
8881
31994
34392
33500
20895
20418
20824
5871
31517
22150
27233
4685
17175
4124
21164
1248
11811
21460
14797
20517
17203
16541
20068
31954
27260
785
19301
10640
19056
3185
7589
28274
28221
14247
18239
23361
32384
18435
16770
11296
21146
9359
23050
34819
35503
34749
12600
25941
29441
9833
31531
15918
2474
16227
5176
4621
2524
34036
33235
30911
31736
21447
34105
11169
32582
26061
35643
25297
29526
10839
24453
3380
24137
23128
28690
15564
19896
5783
28957
23401
12794
10575
8824
28980
2953
23859
22098
11365
32139
31345
549
15333
3892
29105
10716
33393
13655
26235
30534
8083
20631
34165
9065
11095
21623
8627
11827
20195
15352
28010
30675
30014
33452
20387
11126
33245
20238
35792
18516
10131
421
22312
7802
35259
24904
33606
11725
28807
29452
28990
23839
13527
34470
5581
7033
6376
25399
8998
29057
26028
11926
31131
29422
2386
12708
29488
32000
25541
19053
22858
11372
17909
11823
1806
3968
4255
15060
29206
20906
28940
21974
6661
25449
3525
30689
18232
26829
30494
21710
33257
6293
10760
26296
27997
31310
33130
9761
20939
9565
22934
8992
12681
14743
14163
29752
10207
6776
6747
27866
3446
29727
9942
34250
21079
18358
26085
928
25397
31923
29187
19770
19863
25360
20522
18980
11412
6574
32070
11777
29214
10048
30063
6912
8086
20878
20732
32392
22349
20958
30316
21186
31747
25830
14295
10884
15795
13117
16077
3383
21033
4032
21514
27508
1947
22562
23561
23695
26793
13704
18914
14719
20548
26046
25203
11509
34087
25473
22948
14561
15329
4317
20988
25211
13353
19246
6274
28440
259
23006
6111
26728
10042
7300
11757
22304
9453
24614
28639
21335
35899
34462
12710
10379
10796
10519
9613
7853
28968
8512
28264
8768
21878
20792
8984
1358
23502
11413
14831
15402
32568
32028
2245
5882
8753
30728
9356
13699
23626
9035
18353
22842
35334
25141
31141
1954
30263
12911
15787
35168
331
19924
2762
17496
12412
4710
6939
7218
26232
21748
6868
36159
31647
18391
9353
28257
24344
22865
25146
26960
28586
24120
13496
12821
4278
34478
15597
15726
34813
15796
25793
29934
28887
6250
3551
11292
497
2904
28192
18250
27226
8702
15446
24533
27179
22402
3099
36006
29784
8468
23858
3936
34784
7682
16085
8162
28623
9747
1250
23948
8514
9860
18888
1622
30956
1754
31659
4399
28246
6019
30788
32853
6348
8435
33838
26877
15846
24894
31299
20789
28695
7653
4407
13807
24203
6839
6302
23259
6927
35458
7280
5734
235
33578
28300
15366
5993
20143
31953
4051
28116
19544
25692
2680
1899
18138
31348
36143
14345
17604
21078
31307
28942
3587
35204
33664
11390
28702
29854
19379
11966
21035
33421
35754
34591
26111
31287
14462
20077
34291
4139
9688
32345
7588
23567
16985
20271
19856
9079
7001
32888
9041
29826
2489
29212
30779
21347
24332
35758
959
13205
17607
4245
30275
18566
784
17426
32892
34893
26308
7342
6414
21118
29318
5997
32660
22527
2862
12318
11115
3640
7623
2799
7686
19995
13141
10610
9842
14937
14242
5876
33010
23126
28528
17486
8827
18737
16260
4558
17357
3726
1426
28302
18503
31104
27650
28607
4449
12141
14076
2231
28141
27167
23251
23263
35727
34611
11724
14810
15037
3889
23955
4391
29258
21094
14263
14356
16889
10157
24997
7025
34500
120
30943
20459
34157
19081
13667
8703
24939
2294
25070
29953
1592
8636
34440
32323
6493
34574
28583
13166
35554
6445
16307
15891
32222
7598
11651
32536
23493
28390
34080
27645
1561
26167
9272
27903
8336
3974
19167
25469
28183
33835
13209
17787
31377
34943
17326
33339
6985
21353
10028
17019
1604
6360
24297
29765
17361
6207
18618
9109
5548
26629
24932
1827
31387
8516
25648
32241
15270
33383
1844
24640
4053
26905
5507
16374
2599
29772
5491
19241
2593
22781
2781
4479
4798
2971
20100
23228
20177
5948
30840
23433
21423
11215
23277
16378
21451
15248
16272
14266
20367
20056
21152
19778
314
35353
34777
15086
9670
15838
10566
5537
17015
26129
13276
9026
10812
4850
20722
25301
13829
10376
2535
29210
14156
26261
7381
20368
14405
18984
29218
22052
5467
4493
34774
15132
7852
30380
30040
640
10984
30026
28357
7189
12596
1017
15950
20171
14036
19278
20186
17309
35586
17410
18840
3114
1906
35867
28921
2778
13519
5040
20687
29632
19937
7492
16163
7279
12652
1974
12758
8891
1690
28850
1885
14903
31143
35664
579
14678
9069
4109
1047
8986
20992
5551
17102
12769
26109
518
18331
23063
16969
25261
26478
30504
18280
5800
11792
31410
25819
8723
13649
1680
3386
20785
9486
14343
20883
26011
2677
34940
31114
32937
34022
2255
8592
26919
25533
17799
2908
35978
12733
33483
24922
35723
1499
35905
12498
10642
15066
5762
13823
34582
10793
3448
35296
18529
973
9893
6483
2604
28186
31121
11483
14293
30712
7064
26528
14676
4158
8329
22144
33167
31119
32350
24089
28356
16257
29037
35422
26481
35661
25314
14996
24721
6963
11853
22577
4960
1688
27491
32383
3986
30166
7216
15349
29796
23012
5984
21967
2429
18133
21952
8506
10951
28170
20421
29017
15946
32064
25148
1815
32850
16694
34248
18793
17023
1625
5535
21273
11869
14346
19242
5308
34114
29851
24377
26140
29676
30936
6735
32031
5463
2229
3880
34855
35144
2385
17612
20377
11555
31284
22111
1116
29800
22404
15566
14836
22664
3792
1501
28867
12987
25801
34764
11751
15202
5329
25887
2674
11418
20989
307
33592
10653
2502
27692
14556
16859
33761
12376
34917
24746
26904
26112
27921
17817
29011
22085
1567
5131
30965
27482
10616
28217
10510
33279
33015
11266
17511
27065
31543
18715
22761
29929
26054
24678
18766
15737
23516
14781
17349
35049
4749
17255
25547
10515
17299
35982
32155
1029
10443
31688
7242
14392
9965
7400
25189
3721
11310
4467
6213
30699
30690
1637
3794
17789
3361
30955
13622
23314
28693
7243
22207
20871
25048
25498
19008
5414
15023
28926
22904
28009
28270
28562
34225
12231
9886
3463
21648
23047
24672
4409
20835
11607
9523
7509
35277
31277
15279
23492
10586
13324
19598
11252
9063
26211
27901
32057
22993
2233
4928
1596
24125
16304
10200
13990
25965
29075
17874
27927
22148
31586
22326
5316
3591
9125
30796
11545
5952
534
4269
1578
12016
18256
12729
30183
26362
17782
17302
25185
6906
25905
30366
35882
4664
20493
8808
1739
24809
3693
19032
22610
1106
28777
34608
657
20693
34399
3354
29270
6379
27756
26619
8079
1147
754
26768
22822
11506
26509
2661
9382
18711
26931
10891
35393
19247
35100
2288
25611
27002
36010
21233
34593
29703
25763
8231
32986
5182
25750
17071
25678
32058
2196
19049
10458
17618
25442
17967
8181
16741
578
7837
7003
30668
9918
30528
15784
15574
2721
14734
5238
7096
6325
2453
7473
2871
16531
34910
9603
22728
7474
3277
25528
14646
10435
34310
11245
23086
26086
11231
21363
33513
3263
35453
19523
6515
29529
5709
43
3117
18426
19988
16674
30057
25114
7683
14645
20063
8233
32865
1579
23988
29249
6186
28240
10179
18008
34307
24459
16539
13830
21528
9232
14612
487
15077
31620
33267
8339
26765
22477
28012
28835
7335
16405
3474
19355
20886
13046
13645
15033
15862
24651
35036
16804
98
35302
9209
28031
31702
5926
18088
6550
14368
7107
33186
26545
9319
7518
28810
14183
10568
14116
17861
23966
21399
22763
16503
9786
2033
14505
33298
35255
1044
22411
1099
11438
13165
17010
34536
4788
33009
24185
24268
12422
34921
298
25709
22220
21612
26894
22482
16864
26380
18078
34266
4917
28657
14616
30933
22684
18534
1917
6958
3524
11209
14766
28789
19258
27741
26114
299
4457
26008
10008
13608
31073
34998
32358
6479
26878
10814
32296
14086
20237
2371
19582
19202
9098
16455
19914
31194
8740
28600
21853
21048
13821
18211
2603
20355
19308
32585
19596
17313
10464
36136
17244
21890
9767
16967
25379
28962
32432
11042
25138
33567
6078
13483
20773
3348
20019
2631
27231
7130
21229
33819
682
22569
15822
23220
28478
15783
5483
2141
34547
1246
35522
1708
11040
18417
13726
28105
18959
10810
2879
2548
32923
25583
7304
24903
18865
33629
3268
15014
21864
27478
31911
13314
5828
22057
26517
11753
15430
31806
4733
27461
25901
14297
16754
102
18475
2134
17043
5590
11780
16556
29415
28488
32904
6576
19483
3533
31275
11504
16673
13683
8263
33866
26165
651
19470
179
25012
22274
6344
16830
10613
13101
4759
11457
24716
1524
14438
34939
36012
35050
27243
11519
3498
25939
27158
12509
10431
14554
6001
29617
21917
16393
12570
16763
25467
16214
19166
16893
9642
17430
23702
18056
32786
33345
12404
1439
33165
14325
18066
11057
21107
14394
10669
2151
14361
25420
17154
16876
13911
17125
24609
2738
2163
10082
32575
28609
19749
24022
26587
23332
12975
18781
29975
9183
26218
28082
8659
35082
20243
5002
25727
33229
11684
4636
12771
36154
2367
8526
2469
25396
16175
6821
14871
28294
10076
1319
8810
35545
27641
140
27185
22543
22231
20157
16233
25703
14137
26725
33222
29746
14135
13881
24714
12013
30564
19941
34430
15923
24908
6343
24308
34965
28245
12831
9477
29127
3149
2650
34088
23816
5278
23134
36095
29948
34495
18626
14070
23111
12517
4033
27515
28627
12334
1701
34834
33867
6588
3692
7510
28148
22530
15653
12571
5665
22483
4360
7212
20295
3140
22695
11366
10588
16572
14400
26535
25225
28389
34607
12399
20670
30889
15867
18456
31475
6036
1224
32997
35280
22277
8191
25001
4303
3915
8968
31867
30940
18251
428
160
12187
9354
34153
27269
7032
34452
30572
10217
21513
22230
4851
4175
2207
23525
5124
19314
13698
8795
25077
26553
4283
2390
29517
6335
30219
25047
5264
19727
13656
7097
25608
34551
17729
27797
16063
5672
19766
2111
26325
16335
7955
6681
2384
22365
4968
8012
29490
6202
19992
20112
22975
31444
4827
33107
8504
31661
34245
32492
25221
24627
27998
18811
30053
12195
32428
2584
11648
17310
9134
5874
21516
18577
34586
14206
25672
18245
33061
18864
23274
18350
7232
30393
4133
18150
34151
3851
26053
34094
14270
24299
14045
12049
7337
14541
22127
18423
31144
33779
10897
21943
18586
6009
1714
25093
30065
1597
36151
12035
28278
20284
15183
5292
21733
23590
15291
18773
12229
11536
5119
14986
6585
17902
15638
17562
9246
19588
6817
4160
19956
7221
9262
3467
27273
21777
2885
21500
7437
27735
13907
16778
7018
34963
27426
9852
16128
23490
2021
12309
6684
20837
22892
1750
10124
24475
9810
20360
35639
34687
409
24847
14964
10668
13753
7995
21217
3449
5525
16560
1670
24208
12523
31033
5338
30560
27337
565
16856
16251
30385
15901
12085
17997
28117
13976
34630
30394
21149
34517
21826
14284
12753
31547
7782
16970
266
18343
20546
1415
31624
27624
21402
34099
6544
21204
27468
10340
1171
31976
33144
29859
4419
14374
27563
23039
35751
14813
35915
4704
8245
16514
32700
22683
3043
16791
4044
2325
22820
31034
12566
32869
15857
32725
6899
1233
17360
13413
7227
31558
15762
31257
6477
5532
7756
6458
17371
32008
21874
11094
21051
22807
9787
30439
15644
35184
27498
26356
25302
20075
35459
26468
16576
7707
24881
29626
29713
6981
9227
4039
31765
25220
18674
335
34948
35209
20419
10334
2915
26012
17311
21315
34338
14946
17719
2636
13427
23631
4596
26822
17826
1420
25934
30734
23422
29814
35407
10474
30681
21870
30539
24440
32863
33660
32040
24504
6242
33655
13116
15191
27556
26331
2815
28132
12921
11988
321
9342
6932
19150
11667
12270
27329
31467
20490
245
3108
14592
26100
27588
35449
13281
10049
22943
5678
9803
24080
31649
30722
21356
7184
24391
33531
29880
10892
6941
31685
1341
1669
31436
609
23175
5962
19696
15152
10625
32314
23380
1203
8714
26136
19452
17217
29598
29170
8897
31585
2156
23524
35865
8188
34905
29832
28327
388
4260
24632
13543
11384
8846
26489
28934
33199
16333
1279
12640
3631
10002
22686
13736
34837
8132
7517
16971
19118
14286
18580
8650
340
190
26405
4965
32036
25596
15563
23219
25032
30268
30762
4887
30359
32039
29073
28965
11471
2542
33208
19593
30428
27709
8109
18249
21105
28543
18030
5057
4349
13140
4549
20027
22765
23983
31461
10819
6367
4243
4484
19922
29012
22557
28775
3816
4168
25405
1095
19527
35695
8946
11548
243
29450
4763
22955
27366
284
2089
26158
14948
30869
23478
14182
23399
13028
10138
22433
4380
12835
35949
24759
11796
25682
14677
11462
9580
28986
15570
6083
31928
8812
261
36076
34408
22780
27822
1740
16366
1955
25687
246
32909
19460
34419
82
31995
25762
20890
8042
4340
33385
12846
26368
24067
20209
33742
12728
7290
19449
27922
33602
34464
9070
6007
23682
7149
36029
2968
29022
29573
30076
35721
11367
2822
3997
30548
26315
29343
18226
7561
6706
10766
26058
18355
17576
14679
25974
25432
23129
2713
14134
18731
11677
30902
35656
5408
5934
20250
3330
11608
28138
6053
34309
28647
35445
33481
20009
2597
14944
32728
7165
2077
2218
21822
20771
8247
10757
32152
27506
12070
19057
10694
14101
16928
20336
19616
21341
34364
6232
29269
13488
11391
17260
24158
16292
11356
22717
3911
14660
10790
32197
33521
31237
33251
35787
21894
31189
22233
4585
6275
9113
32701
16678
33497
35039
5318
33616
19007
10159
1866
21646
3645
8707
20908
19312
3658
30727
5888
23145
20981
18291
14817
18673
29764
8120
30496
34069
14121
1788
4616
16149
26382
31725
11791
16483
9560
24384
12301
29580
2916
18544
14323
4254
22446
22825
16675
7640
14024
33501
2053
35379
23698
29512
27751
11852
17435
17061
6065
2031
23143
6685
6210
608
34027
7786
7825
23250
17265
17250
21288
13459
18295
13598
5413
35540
7691
25
7197
30925
36036
17455
31578
1859
21483
5091
28161
17980
2957
33614
809
4662
17845
8730
7523
11822
32551
23952
4515
3072
35064
28784
32654
13520
11652
19458
28504
1390
17973
2036
27981
22062
15016
35762
23954
20862
10304
10203
30462
9837
22119
34003
24289
28282
33460
10053
25984
12613
15809
9654
22029
3928
19170
31241
22519
21327
371
23412
3465
13893
2411
6834
33947
20669
308
8048
15375
29932
2322
30964
6969
31718
11168
7039
33820
9701
9362
28258
15240
31896
22819
18294
18780
23392
16693
6895
22792
15166
12336
2736
24048
35464
2417
31731
9858
23660
33327
14724
6712
23601
9675
26698
30134
13577
6060
21054
19880
30259
21814
12933
12288
27649
27918
23853
15172
7252
8082
35977
16176
461
9588
8793
15536
16170
29332
30738
28016
11535
24725
3586
19437
23675
22712
21955
24582
3929
7014
22580
14631
12715
7045
13798
32503
30823
23881
32517
5766
24942
33919
22388
12665
13929
12240
34587
4643
26208
2227
35790
16768
23331
5234
1473
19076
25430
6951
24891
34372
17810
29427
23665
15247
21464
30297
32045
9861
15581
4415
33490
23177
14784
14211
35827
22088
18963
11306
14277
23323
11904
28053
7138
34715
8855
6662
21906
15110
18912
29241
15525
26748
8893
22512
20428
35556
9323
9074
28443
14543
34878
3642
34498
10657
14671
29835
22347
22190
29296
9412
17002
26882
29164
27481
7435
16680
29629
29857
10492
8134
5081
35273
8333
23202
29165
27006
8131
13492
32740
989
22081
14067
13044
7384
4456
2356
2779
33228
15359
19733
23829
12435
26062
26107
30235
7205
9572
35223
12820
31853
33920
9300
4908
3937
24314
14122
9230
24206
21973
33807
22560
13719
18158
32753
21697
24417
22344
34967
3190
29364
25315
5424
33733
15972
26690
14190
3634
30339
1884
35261
33957
10427
10067
1179
10034
26275
31795
1031
11276
9320
18311
20564
6966
8633
31469
24551
8973
5529
30129
9402
16762
11082
18198
33035
35397
29374
34744
1167
4217
4311
12573
33205
11106
27282
32611
15434
35696
9599
895
24707
8693
577
17806
20901
33740
18641
757
13774
17671
27072
15200
26747
25233
796
26462
20254
34712
28131
27576
12750
3480
4079
28622
18816
18661
540
25943
31657
2928
16360
28397
7038
11594
19184
1064
27121
13426
15468
28446
17769
10459
32602
274
4165
15462
15427
8210
14166
20686
16877
3296
13637
14828
18067
16919
33539
25681
3051
1705
29466
29138
13884
5042
33726
36083
11499
26600
25433
29173
27288
30326
33631
2712
14955
11854
3630
19413
33731
10853
26212
21635
3303
28518
30871
6668
19737
10409
5199
28547
5259
10826
25265
2673
6836
32496
25969
9608
32652
19115
31223
31767
16078
18515
15114
26671
16390
14567
33479
11930
17149
32380
20888
17207
32247
26505
5712
27425
22244
30586
27164
4670
11
5739
10108
5807
21352
20953
4915
6796
34772
25394
4403
22726
7991
30142
14989
25900
4523
33488
29674
15872
35163
17958
12765
32337
35610
20941
24490
13896
17833
31339
21177
32430
22330
22514
14291
15420
9179
15646
4108
21960
21715
6481
12386
1152
31240
30570
8989
33063
25644
4603
14422
7128
5083
29540
12789
14493
20567
22064
2025
11387
23201
7402
21851
5115
9361
19423
25386
33703
18640
29525
25448
16047
32353
34108
5016
26172
19703
20811
29215
23762
28770
2112
31567
26978
20247
12890
29588
21976
27543
2396
2430
7
28052
984
21829
2459
26779
2861
28751
34145
4295
17969
8242
2014
6828
28103
14114
11066
34895
9127
21703
29589
11646
6560
27056
32684
5193
32365
2626
11610
3777
13852
14769
27253
10929
32935
30238
3328
336
29638
21662
36058
4856
13360
25124
29702
35110
23363
6917
6612
33196
28424
21944
29569
5250
14923
29089
16834
776
10717
22933
26350
32142
9650
21582
10169
25851
5024
14822
1715
1437
9440
34278
25049
799
20445
10346
780
27676
4847
32838
3495
7651
8405
25711
21436
30384
27815
18735
16208
16353
6286
30215
33525
4289
9358
29448
987
21063
27642
7732
5160
25156
22254
5731
7980
19396
20215
33039
30237
3520
112
30709
33917
6409
34596
11979
21354
20866
32851
35071
26732
3104
2642
9841
7602
12346
27059
26440
9754
17859
4447
30220
9872
4565
35094
27098
30642
17490
3948
9809
17143
3291
25289
25036
6838
14419
13094
20971
24685
3204
33071
26608
12955
35741
21026
252
28708
9629
33021
15379
15360
12092
5903
6859
15637
28548
17961
28155
30695
6539
17005
24174
32157
17510
21031
7420
31956
14177
22880
29429
24498
35390
23489
11949
16100
7466
1593
31909
27201
3766
11900
2186
22797
1396
6965
14153
10848
24148
13337
31877
14475
26813
33540
28840
21532
19514
24443
20194
21415
21101
14714
12160
1285
6671
29829
22331
32595
33175
27084
30501
16976
24840
24228
3547
25803
24924
28938
13601
27470
36133
10734
3378
27339
171
28480
24177
21034
7316
6503
30834
23538
26178
27341
12589
6387
9929
35252
32497
21615
35474
12268
29715
7624
927
22234
29202
27247
33106
19549
9091
9992
5942
31965
32090
22945
3747
33315
484
11400
23876
30758
5059
22768
18540
24591
12767
27606
16093
14913
25538
27496
22470
29196
3681
7407
19641
34838
2022
35833
7910
5627
6464
14012
4605
24470
12406
35660
19256
11539
29700
2695
1219
27947
17923
14922
26248
27865
27129
18794
11587
9432
23028
12192
24378
25640
10781
30298
12259
28899
30625
35235
30557
28002
3744
12676
9885
8957
1915
21933
27617
24946
34471
15721
9058
1711
16110
10411
27336
23099
14035
24188
14932
19065
32238
18403
27544
16799
7214
5588
16760
1350
13138
31353
32710
10313
6599
34624
3663
20084
5480
13781
13817
31162
8287
19891
23763
4231
3040
8454
7855
23015
9156
18696
28664
6026
14849
26909
13946
554
34305
10003
16720
4539
4654
35969
1200
15306
16627
30020
24573
16238
27989
29465
16963
23777
1464
12678
3473
22586
26557
24005
9637
13546
32539
31326
21456
17446
14000
26622
28402
34206
873
35776
8601
19686
2027
9547
8499
10659
16579
940
4590
17821
1800
7153
10353
31932
3183
5370
9891
24372
13529
17025
25584
4696
33571
32782
16244
29831
33115
2065
13952
11977
30262
20604
36065
4900
25614
15090
13311
20039
10739
22305
9240
16337
18176
2544
33591
4427
590
20725
2881
28947
6724
19950
19496
28190
22837
11919
33841
16888
4861
25192
28050
5727
32385
23013
4351
13914
24895
1489
2444
32331
20920
24278
22787
26201
10223
22435
8230
32798
11809
12124
30546
10160
13327
13061
15594
32784
32084
10687
29015
20425
35087
13522
4964
26184
30958
22956
15656
8205
20873
29442
22738
8285
13997
18927
15451
19832
1590
9639
17381
26391
34599
11293
16222
4305
14642
4750
34427
21243
30950
15542
27687
4954
28733
31183
35934
25561
2296
22368
18132
36105
19261
11967
5569
34493
13762
20499
13431
9973
8840
7234
20213
329
28037
21479
15722
11713
2654
27236
8608
15922
23574
12873
15052
26796
1495
13998
8293
15968
17373
30989
10551
4859
6749
24106
12493
3988
3632
25713
29060
29275
10530
4708
15368
20587
17070
35484
34437
35784
31857
17234
31164
30818
16187
27592
5107
27898
1992
33590
23085
13060
10958
33654
24256
8479
15993
9480
1210
32460
32366
7031
874
18858
10486
34331
26601
9556
8064
9838
27088
14150
11468
28343
14474
31448
10629
26998
22322
33392
32936
3945
22112
12182
1113
26923
34902
6660
23766
32956
3562
19748
26702
24017
8464
35980
31067
10949
3617
30833
29483
15098
9663
17896
9163
12213
4732
32505
1888
3421
12414
29098
14562
30113
10257
29177
226
29198
30354
31159
15294
20616
7706
4469
10275
4914
6680
15899
35968
5630
29646
9223
11288
32311
21218
25213
35417
21898
29084
6798
34428
2006
19787
14892
25990
9039
21992
22189
15186
15104
15392
33748
30867
13858
2236
7375
30752
1819
10649
3406
21909
12568
17862
23424
33085
16379
10842
4671
29690
6654
2243
26180
8791
35527
32913
15942
15354
10440
15252
17812
2624
16136
19560
31490
23861
17892
27474
21142
3717
23186
34752
26465
26736
35492
29233
13648
3052
24329
31056
29936
29683
26700
12526
3154
33184
36137
24024
32230
7151
4804
125
32454
22245
20232
3685
30641
27168
3323
2685
21148
10824
4074
22183
19103
18325
21085
12267
32621
22384
12928
2445
13561
28152
26954
27784
27840
21211
33266
9836
35902
35341
14281
30562
32822
13038
20400
17846
19930
4370
14982
34286
15666
12684
28237
31038
10880
31176
20543
27217
4624
8675
21589
33677
3100
25572
5455
23992
21593
31660
147
28868
10712
11073
1349
5302
33415
14389
20285
567
32113
18004
18541
13164
4002
28590
22268
12949
1863
901
30761
7869
28669
16546
15927
21277
12796
10285
4204
9452
20055
4562
18628
18550
28024
4586
18154
4630
36167
4776
19282
7764
23807
29299
27973
34936
30312
1004
27276
35246
16045
18326
15006
25808
11922
15390
20765
14027
17401
16
13763
33705
7817
34252
12419
32814
28122
8736
20282
878
25188
17229
27957
10615
3563
26432
16818
28104
26952
27089
25459
27311
26842
8046
14040
8420
4234
34679
17074
15328
31321
28388
24981
34699
12039
8254
29407
34023
28728
24153
24523
24400
30451
2986
23320
11464
13269
14480
11951
30609
30062
22159
16597
14390
33572
12341
17589
923
27614
1569
27128
15990
27836
10571
25016
7569
31204
641
11466
2525
23439
5884
22689
15569
4020
7572
4742
15062
29231
24286
2476
5495
20589
9146
24792
15513
29642
22730
11959
6123
7636
1425
9578
21256
14533
17818
30579
29679
14850
19506
9237
35282
8051
362
9963
15405
4875
32661
6454
5947
10035
2361
34457
5523
12832
32453
26116
28680
25362
19201
26477
26840
9908
24422
25159
5927
14895
30769
13045
22301
3064
29419
26630
25839
11710
19779
11691
7559
93
25896
27285
17715
32940
5388
14896
20395
4121
9248
30332
12671
4870
11039
11237
8211
31098
104
28677
4699
6165
8430
6983
20539
205
1898
21239
1191
28099
15050
31771
7288
34981
24682
32705
21041
3596
24540
2555
33544
4903
27953
6651
5838
34482
1023
14279
5140
5626
14417
10505
1696
14636
20274
16448
11718
23178
31668
18960
4182
31645
28778
32201
20185
17101
1727
7970
3725
32032
16109
7529
16841
10373
3656
21968
10024
31612
4944
31961
20969
13755
8687
3761
597
139
29971
12148
16445
6031
30597
10723
5212
1387
1133
965
8566
8116
1007
31447
9544
15801
23602
34637
19603
30007
21129
16361
11068
33568
2929
31266
31525
11511
23537
24526
2925
25756
34358
30778
11797
6352
29972
15128
12409
14685
35270
20129
19238
28386
2562
33964
7647
3116
7731
2888
23956
10231
17126
12117
2657
3999
19237
27254
19575
11808
30261
8171
18229
9292
25374
28953
29922
20614
10147
26522
29822
4081
29537
5485
23445
13322
6938
15201
4475
32208
6453
27375
2600
14217
2382
12488
5044
18689
7992
9878
8396
19719
31667
33179
18791
31743
15694
30652
12659
3844
3559
35579
21624
11783
14886
15794
21599
29423
31865
29062
6957
19217
10927
4924
20554
8796
10654
20884
6418
29016
32234
1479
32598
13186
8709
10549
33386
31031
35231
4344
6686
12235
35922
20691
10635
18487
1414
1802
34546
15020
4395
14884
34846
16691
31846
6990
34005
28139
9112
8436
20162
5113
9308
3894
34844
7324
11195
10245
6437
24874
3982
27976
13618
6913
13777
25558
4359
16774
26879
17408
2911
28896
12734
957
12645
30584
12907
33470
20263
24934
16916
12995
34997
4794
30618
21522
3055
25051
22480
17147
7562
24718
6538
15939
15498
12408
25284
34317
10408
8276
18264
28588
290
17315
24704
17171
27525
22908
24179
23980
34778
792
12491
35391
17099
12884
35818
5587
20000
8505
3254
13328
3739
23144
15648
13238
29924
1758
15984
33307
18482
2605
32146
29583
35774
29944
12643
20016
22269
21609
30550
27970
11255
27391
11654
31389
21795
24705
8219
7915
13430
4501
24656
7253
22399
13142
20479
23821
1520
8070
6159
18608
4836
18585
11108
6140
3560
31440
25262
6824
13783
1723
16801
10894
28280
17597
24780
23504
11843
11444
21627
30361
14309
30022
7467
33403
25373
12476
2336
7374
29737
32543
15335
30587
11693
20520
12083
3027
15173
16890
26229
13697
12368
25485
8613
2402
15001
15299
21783
32242
8639
23056
22783
35900
465
25701
17289
11872
13885
7746
28096
11507
35240
15261
26359
10859
14440
31003
34909
379
4743
26427
23531
24873
7878
25780
22663
3243
7382
8934
30891
7339
34680
18510
6043
14575
33661
12051
27353
22897
1276
31124
21984
5980
12737
33712
11577
32072
21683
26696
27675
18094
18716
13395
9903
16682
8528
31942
2691
1745
3392
18248
8830
33721
10146
34761
6962
13992
18258
19183
26068
28525
6554
8054
9140
3009
33907
12852
22290
16580
27781
9429
32178
19821
15915
30423
27048
3025
13531
7355
22946
33012
15781
3976
32972
11766
27736
18627
24583
28316
17815
2732
1024
33437
10591
8007
33405
14503
2973
6315
32562
1082
14460
4350
2804
22465
15431
2113
26003
28935
33242
4726
16193
4110
22592
16194
14289
35888
9647
31918
19900
8195
17832
20766
3898
19565
29248
2991
27987
20516
17498
34793
27242
30671
11968
1097
7643
17664
21843
18364
30930
28038
714
24637
12480
1373
4341
31304
21961
12555
18189
35173
27052
2378
30150
25513
14759
34267
10743
6777
33190
15858
2099
12475
29774
24916
29341
31356
27374
25664
148
21289
21713
20591
28560
3451
9898
23940
26763
7210
32578
18943
12385
430
12827
2478
21493
19257
2951
27616
7979
2050
13735
28172
27868
31986
14641
18127
27904
10192
16530
30431
1067
4709
34241
15898
20404
12046
30759
17945
34730
6762
8775
17760
25719
462
30711
33160
21698
19305
14839
4719
4835
10360
34376
14467
8935
27355
19847
15025
19392
25705
31625
12134
32115
29613
34773
25167
22099
20246
18855
2748
716
7068
17995
7302
8078
35626
22022
11385
14198
18240
34760
32712
2717
958
25486
7649
28079
21172
10863
7866
23799
32845
17333
5366
17990
2753
16714
5289
2015
31312
20879
31601
19216
34732
23248
22379
10938
28393
29119
11405
30680
12180
25207
6744
48
31077
19045
36045
31342
5852
30247
65
5973
33932
8680
11989
26980
25343
7154
13333
21590
6200
26242
7978
13701
29223
21677
19224
6648
13609
18693
31726
34836
5605
19141
31193
47
31430
33936
6809
3287
1880
9540
4828
35011
12879
19999
11807
6029
19311
31292
21778
32483
5354
29251
33128
26868
4821
16377
28126
21138
2899
14662
35171
25863
25592
9435
8752
11460
14500
7941
18759
23088
1424
23969
7496
33909
7135
33033
28366
26421
30301
33159
7845
26621
24520
23045
34700
14098
27141
33788
24145
23369
9173
23471
7704
11787
27618
25655
29099
16061
28812
13464
26415
6616
15024
16827
22153
17355
26145
32444
35496
7619
7295
17686
5084
13873
4038
17825
2406
24951
13653
13953
16796
12482
19691
15011
30621
26080
6639
1930
12802
31554
17864
22967
6914
33994
17221
31155
24428
16722
23461
20166
27962
16780
19769
15448
24653
12263
20974
33988
12333
20840
22215
24966
9632
16649
33745
12043
10249
28034
5760
28750
27808
13818
21756
26067
33168
8074
6236
2461
28017
32513
2800
8340
22354
13766
24272
7311
16134
21020
8387
28207
1100
12909
35538
13157
35604
13659
6695
1787
34788
7613
4947
34166
11034
21591
28643
21594
28602
24406
35092
35628
22181
35347
20012
19071
14791
13947
22080
9875
12258
24075
10263
8496
7448
14861
31503
24396
10802
33810
18950
25494
6896
26189
25455
22323
3122
30093
20505
4468
8097
11520
28860
4714
29636
33030
28469
14647
24706
13077
8215
412
13654
35782
28378
4688
10436
2267
6778
12658
6893
13104
20151
31054
18083
2954
22205
31536
15342
6925
3688
4543
26614
12453
3662
12655
25273
16959
19267
23780
36164
26238
28352
27669
24859
26871
8031
15296
25293
15824
17809
2681
30610
24711
32252
11563
1841
34059
15058
4473
24748
16381
33038
34212
30649
32709
33051
34494
2009
11147
33626
15686
9185
24436
5854
17960
16299
33541
33852
27811
17290
13673
1575
5086
33782
332
27464
10079
13724
35030
2341
6044
21224
33713
12343
9483
16724
29399
34443
9344
4514
5594
9776
16666
7660
26041
26416
21865
10106
28369
26540
14698
29806
6928
16660
6369
22995
1707
6745
19853
12328
30984
11679
35535
12553
25187
1446
22046
31283
2895
5152
16169
5047
11551
29348
10128
35700
1317
32067
33952
15107
11678
11300
11379
20303
33651
24408
17688
7133
25487
17816
4382
7911
13583
26231
32808
2071
7861
8425
9814
36004
15196
10959
20622
14510
34555
16116
33216
15987
4347
871
13928
12691
6129
9364
18371
22576
12377
6244
28631
19382
22033
13082
26316
29553
22868
842
7975
35502
15864
31169
11143
11877
14586
10140
2580
28173
1900
16998
10333
29369
32952
1734
11855
15482
7920
27983
29041
19979
30659
23280
1394
27055
1139
473
15641
15029
26800
34371
25199
34117
7958
13296
33416
3399
7954
9335
9974
7541
821
3456
6734
14073
21769
33854
16246
24719
9187
26099
10046
3594
20677
15280
32223
9212
10254
25798
31937
27257
35794
17665
11129
1166
9732
6444
8361
15222
16472
23709
27540
17399
7297
24709
110
32627
14962
3633
34322
13974
11575
8268
1380
4587
22690
22936
21293
34720
10005
12277
25601
33202
13081
5865
28350
33429
35249
15338
34505
10690
5355
19702
7519
33198
15735
5339
31878
13979
17888
13047
33755
10234
24933
2992
34469
15042
28297
5327
19306
35711
16073
31521
4592
24288
2068
1016
18290
30748
33865
29895
33133
31390
36082
32154
7824
1459
17630
26043
9881
13567
26447
34420
18746
28749
15179
8426
18668
11426
18091
30898
16914
11974
18574
1111
5901
13999
32809
33549
26749
34295
12169
21552
8292
23784
24336
24772
7967
2164
20216
33363
27718
9590
16831
30960
1107
9620
15668
15785
23154
28401
5361
27754
3031
35199
19236
17380
17937
6524
1641
18733
19050
17133
11120
9370
29143
18195
29585
34973
19399
21492
5556
4761
22309
23560
36148
30204
34155
10287
20749
30194
32447
19850
25492
15237
21854
6064
28991
28
33231
6626
1660
574
2505
12675
25696
11846
14322
6150
27488
5283
161
26795
13955
1036
8057
2032
12874
29469
12111
12264
18107
31337
26858
19689
4379
28004
12478
31538
20929
3079
24401
32812
16055
20712
30674
15325
7698
13228
18405
2620
14189
27796
31450
19327
12320
624
11279
29928
31551
7594
13054
35675
13245
36042
1632
27596
31148
13358
19859
31096
19245
5151
22636
35524
10833
6247
34122
34722
35120
10274
31648
25291
195
34337
30993
12210
11879
23908
30704
25677
29869
12575
33927
23431
21141
1187
32697
32755
1618
24015
10116
8667
10909
1329
2594
30358
4498
7862
10403
6907
30141
5159
14546
29123
13386
12204
4314
10196
25700
19450
35893
31328
808
18812
5840
24039
30627
3992
29077
31553
32024
13573
21618
9564
16808
24724
6964
1865
2321
19750
17184
25419
32829
17697
23255
13897
23999
8798
22688
33889
29881
14450
15255
21192
18992
20294
2671
18513
11241
3484
28573
