309
5215
2576
2550
2459
3192
2513
3153
3952
2413
982
4792
92
866
3473
602
1708
1008
5167
77
2012
3843
580
1742
2792
1759
2425
2340
3810
4573
4695
4173
1723
3791
3084
684
252
604
2464
5094
3681
1678
2418
3394
1515
5263
4970
3233
3072
3793
1813
2020
4044
115
2397
2198
3884
4042
2883
896
4859
1753
3657
3178
1761
3449
505
1441
3166
3482
3060
4305
1160
556
4192
1308
368
4769
1737
4118
4452
3811
2539
2465
3895
1103
172
3696
3552
4740
2826
3569
2976
1784
2213
1665
3777
4728
3881
2223
5107
3403
2330
2268
3635
539
910
2664
3667
2353
4250
1858
4170
2623
2033
1270
1286
2083
2032
3373
247
3516
3261
1846
1114
589
694
1353
3839
4933
3108
1801
2393
4946
3205
64
2325
1227
984
3530
2307
3429
4539
501
1218
797
1356
4246
3993
3547
908
471
2938
5296
2606
2516
294
2508
257
2819
4577
5141
1741
2158
2243
1382
2350
4190
2770
4549
735
291
1054
1077
3143
2646
2776
3858
1371
2399
223
2173
144
4451
5225
5019
4660
189
3443
4417
3800
199
5063
4171
3187
870
1019
4704
4665
135
732
4090
2898
4796
266
3356
3867
4442
2614
1550
68
1041
3865
3856
2052
3541
5171
4219
824
3409
3707
4516
4229
2417
762
426
3471
1260
2874
1623
678
3738
2963
907
4853
4964
2713
825
1667
4934
2602
1299
1314
2706
668
1709
2402
4562
4778
4019
4628
3778
4097
3641
3163
2982
4287
5222
4301
3890
1428
1167
2
1434
2527
1451
5238
1228
1699
1100
1997
3747
1130
3968
4148
4489
3191
3230
5002
5235
3474
4458
5294
4128
3572
3855
2294
3911
1027
1620
3096
288
2247
4997
1150
3605
1782
3197
3623
506
2846
1850
1278
4855
4011
2709
1254
4925
5202
528
5061
3222
599
607
1
246
614
715
1073
4492
2060
503
1707
3528
2766
2281
2911
1640
1298
656
2902
944
3463
3692
2732
4113
832
84
458
1214
3340
4912
1729
1653
558
1312
3730
4208
194
2679
5059
2412
2542
1256
3705
428
359
2360
1305
5111
2586
195
1211
2065
873
1912
2101
4683
4052
4088
1571
633
1072
2339
5265
1933
1290
1432
1995
4849
5053
3769
880
28
1602
4650
2994
5216
1397
2212
776
660
2460
1900
3086
2438
4464
1111
2468
1141
4372
987
2452
4285
822
3604
3273
5242
801
248
3238
3905
5256
63
2407
3844
3840
3023
1475
1714
3909
4490
1634
4251
4377
5257
1855
1128
3544
1626
2987
4025
1866
398
941
2975
546
349
3538
2712
3334
3618
3771
4878
5048
5275
3678
3040
321
2126
1067
4244
886
3400
1638
2683
844
42
5258
1829
1625
3147
1596
2482
2531
3067
1906
231
2045
4887
2272
2498
1485
936
121
2850
1264
4635
4023
3728
920
1851
4910
2877
672
1977
1406
1616
3503
1151
3101
3284
4814
2884
673
304
4480
4698
2896
2358
3048
2695
3064
90
3169
2471
2239
478
4191
3930
2264
427
4027
3508
3733
4766
4600
4199
1803
337
2578
1649
915
5021
1370
3445
3454
2071
4972
1057
760
2113
1963
2289
4674
1506
3712
3486
138
1184
2500
4180
1134
1163
3371
300
3826
4156
4059
4240
366
868
2409
3386
3795
4361
3500
3362
218
2150
4921
2386
2124
4144
235
1147
4455
450
1788
2588
795
1342
2472
3382
4256
1174
649
4288
4061
4267
516
3488
5151
1225
3772
3327
5009
2684
2310
4084
4544
636
4340
1106
147
5181
720
1681
4987
4874
2979
3931
4222
1215
1431
1087
3478
372
611
2916
5230
2555
2057
2952
3031
2540
3331
3265
3898
3590
3017
2671
5106
3380
1241
3914
2051
5218
3499
4731
3862
4958
397
4345
4041
2823
4055
1076
3660
1187
5310
3885
1238
2728
574
4533
4608
4815
2991
1392
3440
5124
3357
2493
2210
1808
82
2928
663
2152
3980
3218
3763
373
2073
3992
4343
2637
1687
3123
997
2632
1177
3842
5146
3679
4308
4046
1276
498
1551
2739
5273
2119
3998
2370
302
3571
659
1757
4714
2621
3315
2389
2016
3537
2867
2657
2274
986
3045
278
2365
890
4937
2116
2737
904
3774
2415
4474
2290
3053
1183
4032
472
855
3103
3640
2564
56
3823
5154
1926
1117
2568
1670
3974
1407
2305
2822
1796
5304
5034
3723
2259
3796
3776
3848
3464
559
1843
454
2662
851
3142
4465
4094
2710
1663
560
2197
4070
3985
3838
2610
3813
4453
4034
4890
4473
5285
929
4680
1079
3412
763
3131
788
1787
1201
31
4585
5058
921
830
671
5287
1018
4775
4581
5271
3066
3414
3232
3390
5302
3695
3570
3609
3259
5100
4461
4982
1092
3745
4951
3916
3171
2720
5135
1156
2168
356
775
1363
36
2678
2768
1325
3455
3597
5071
141
3533
4501
3291
1000
3237
465
225
1967
4136
3981
3199
2571
1051
2363
5013
1140
4657
4637
1146
4538
1157
1194
4820
1941
251
3751
2980
3847
5191
3506
4350
4
1954
3104
2184
5070
219
4307
2653
4204
2011
3510
2105
1058
4268
3832
4484
3009
2063
992
746
2866
3317
3620
4149
4093
3085
4397
230
392
3997
2642
1892
160
631
1471
3892
1005
1893
1185
3765
619
1373
5147
2286
3878
2989
1530
1909
2394
5314
3633
4454
4876
2309
2490
3851
1613
1486
590
2103
1380
3208
5136
4800
2477
1481
766
2927
4944
2922
1889
23
4428
1347
3724
5098
1030
2312
3167
1217
2759
2809
26
1541
2107
1745
5134
51
474
5309
297
3762
1822
5260
899
638
1662
1459
255
1285
2626
424
3659
5068
4112
2929
1045
5046
4275
431
1992
931
3704
1882
4210
2593
914
2506
1236
2182
3438
2171
940
149
34
3037
4111
1507
2680
1303
346
283
241
2141
2029
3950
4900
5282
2767
4810
731
2949
1588
3782
3102
3671
2840
5032
4809
640
2021
1911
779
1932
722
2557
4281
3029
664
999
4893
2042
4557
2323
5153
2536
1020
3330
1734
1118
650
3554
595
3122
1261
4672
1998
2469
2099
4929
4697
3923
3164
961
889
2945
3721
3948
1739
4804
2731
1231
5138
2199
2663
5221
1604
4898
369
3296
2177
5170
1086
1671
3058
3853
5172
2658
4621
353
3755
1098
4087
4172
1747
2278
2109
5040
